(0.32262444496154785, 209717136) (0.3270397186279297, 212588631) (0.32377004623413086, 210463295) (0.3346714973449707, 217549757) (0.32274770736694336, 209799381) 
(0.32554125785827637, 211615010) (0.32265305519104004, 209736767) (0.3240487575531006, 210645716) (0.32274508476257324, 209795772) (0.3299441337585449, 214477449) 
(0.3231775760650635, 210077143) (0.32235169410705566, 209541352) (0.3232121467590332, 210102006) (0.32303643226623535, 209986274) (0.3228902816772461, 209893001) 
(0.32550787925720215, 211592766) (0.3247826099395752, 211121795) (0.32285022735595703, 209866430) (0.3231816291809082, 210081512) (0.3235328197479248, 210308959) 
(0.32218360900878906, 209432552) (0.3233473300933838, 210189331) (0.3223104476928711, 209515308) (0.3858814239501953, 250836626) (0.32773470878601074, 213041327) 
(0.3345022201538086, 217438768) (0.3223764896392822, 209558428) (0.3224222660064697, 209587370) (0.3227505683898926, 209800456) (0.32255005836486816, 209671121) 
(0.3228292465209961, 209852851) (0.3254249095916748, 211539688) (0.32349348068237305, 210284438) (0.3230414390563965, 209990396) (0.3448617458343506, 224173193) 
(0.536280632019043, 348595729) (0.32224392890930176, 209471507) (0.3234364986419678, 210247262) (0.32749009132385254, 212882377) (0.32334280014038086, 210186327) 
(0.32343459129333496, 210244633) (0.32732248306274414, 212772892) (0.32369208335876465, 210413256) (0.32494616508483887, 211228397) (0.32346582412719727, 210266394) 
(0.3225715160369873, 209684611) (0.3283352851867676, 213431693) (0.32813000679016113, 213298724) (0.3233308792114258, 210177337) (0.32364630699157715, 210383614) 
(0.32277488708496094, 209817058) (0.32278943061828613, 209827233) (0.3244154453277588, 210883127) (0.3241899013519287, 210736758) (0.3230748176574707, 210011493) 
(0.32306885719299316, 210007873) (0.3239176273345947, 210560308) (0.32480525970458984, 211137079) (0.323697566986084, 210416438) (0.3235001564025879, 210288596) 
(0.32392263412475586, 210563056) (0.3259758949279785, 211897526) (0.3275294303894043, 212907856) (0.3241875171661377, 210735462) (0.3241283893585205, 210697034) 
(0.3242313861846924, 210763095) (0.32462430000305176, 211019025) (0.327556848526001, 212924735) (0.3245248794555664, 210955504) (0.3247983455657959, 211131513) 
(0.3272228240966797, 212707831) (0.3241279125213623, 210696987) (0.3260211944580078, 211926698) (0.3248634338378906, 211174646) (0.4817674160003662, 313162421) 
(0.40302443504333496, 261978631) (0.3264615535736084, 212213752) (0.32854557037353516, 213567516) (0.32966065406799316, 214293036) (0.32955360412597656, 214223107) 
(0.32796573638916016, 213190012) (0.32819080352783203, 213336811) (0.32880711555480957, 213738139) (0.32927632331848145, 214042179) (0.3284766674041748, 213523765) 
(0.332106351852417, 215885274) (0.33189892768859863, 215747379) (0.33664798736572266, 218835545) (0.3340620994567871, 217152822) (0.3320908546447754, 215873083) 
(0.3370795249938965, 219114758) (0.33680152893066406, 218936737) (0.3404684066772461, 221316928) (0.3390371799468994, 220387780) (0.33805227279663086, 219747948) 
(0.35581111907958984, 231290275) (0.34522247314453125, 224407495) (0.34653282165527344, 225259839) (0.345656156539917, 224689989) (0.34521913528442383, 224405265) 
(0.35857105255126953, 233083367) (0.3589050769805908, 233301375) (0.3592400550842285, 233519761) (0.35861635208129883, 233113858) (0.36450934410095215, 236944428) 
(0.3825669288635254, 248681069) (0.38089752197265625, 247596631) (0.38457441329956055, 249987327) (0.38104248046875, 247691625) (0.380230188369751, 247162839) 
(0.4162788391113281, 270593652) (0.7255716323852539, 471634911) (0.4008159637451172, 260543229) (0.4166407585144043, 270830049) (0.41957902908325195, 272740142) 
(0.473376989364624, 307708549) (0.47460460662841797, 308506089) (0.4749927520751953, 308758950) (0.4750187397003174, 308775756) (0.4786055088043213, 311106676) 
(0.5897963047027588, 383380432) (0.5882439613342285, 382371098) (0.5861320495605469, 380998856) (0.5912735462188721, 384340980) (0.589134693145752, 382950985) 
(0.737602710723877, 479454276) (0.7424890995025635, 482631326) (0.7428057193756104, 482836473) (0.7402498722076416, 481174948) (0.7376554012298584, 479489477) 
(0.983919620513916, 639561386) (0.9865026473999023, 641240152) (1.2125303745269775, 788157481) (0.987973690032959, 642196239) (0.9866318702697754, 641323974) 
(1.3852283954620361, 900411348) (1.389991283416748, 903507522) (1.3907885551452637, 904026501) (1.3852128982543945, 900401800) (1.3927528858184814, 905302290) 
(2.0370442867279053, 1324092346) (2.2667582035064697, 1473406535) (2.0502939224243164, 1332705082) (2.0999128818511963, 1364957459) (2.036426067352295, 1323690379) 
(3.10105037689209, 2015695122) (3.315986394882202, -2139562389) (3.09529447555542, 2011955273) (3.0915873050689697, 2009545648) (3.093707323074341, 2010923594) 
