(0.3011515140533447, 32252027) (0.30003952980041504, 32000158) (0.30006837844848633, 32080117) (0.3003983497619629, 32181212) (0.3008584976196289, 31950709) 
(0.3001110553741455, 32262437) (0.29985523223876953, 32025530) (0.30007386207580566, 32545184) (0.32481884956359863, 163883785) (0.31526851654052734, 55579204) 
(0.2997591495513916, 31758843) (0.3005788326263428, 31908624) (0.30263209342956543, 42228777) (0.3022334575653076, 32385152) (0.30356574058532715, 34394908) 
(0.30030012130737305, 32009823) (0.3006863594055176, 32628379) (0.29923367500305176, 31913916) (0.2998507022857666, 33051053) (0.3001222610473633, 32385659) 
(0.29895448684692383, 31956180) (0.2999410629272461, 32216059) (0.2999851703643799, 34203503) (0.3027634620666504, 32496704) (0.29990077018737793, 31807718) 
(0.30077123641967773, 32157970) (0.3007636070251465, 32078403) (0.3043057918548584, 32155378) (0.2999558448791504, 33130061) (0.3005385398864746, 35649984) 
(0.299426794052124, 31999329) (0.3011200428009033, 37211628) (0.30010271072387695, 31956278) (0.30202198028564453, 32626308) (0.2991158962249756, 31900104) 
(0.29992175102233887, 31965424) (0.2995617389678955, 32187188) (0.2999446392059326, 31887160) (0.30072641372680664, 33003624) (0.30913448333740234, 75612191) 
(0.3010683059692383, 32055587) (0.3005025386810303, 31934303) (0.29990410804748535, 31784655) (0.29956579208374023, 32088307) (0.29972219467163086, 31901138) 
(0.29988837242126465, 31669209) (0.3003690242767334, 35954580) (0.3003864288330078, 32383241) (0.302825927734375, 38729006) (0.3131110668182373, 83901427) 
(0.3294992446899414, 135181294) (0.30021142959594727, 31785217) (0.300398588180542, 32045894) (0.30177807807922363, 34368271) (0.3007829189300537, 32883191) 
(0.30068325996398926, 31848583) (0.301222562789917, 34554576) (0.3049616813659668, 31965821) (0.30009961128234863, 32994860) (0.2993755340576172, 32161593) 
(0.3007383346557617, 32312316) (0.29996657371520996, 31996052) (0.3006713390350342, 31894948) (0.3000795841217041, 31852021) (0.30051183700561523, 31871357) 
(0.3019261360168457, 35067718) (0.3014256954193115, 32492766) (0.3059265613555908, 32661682) (0.3017127513885498, 33087566) (0.3010132312774658, 31937328) 
(0.30693697929382324, 31887388) (0.30186963081359863, 31893979) (0.30240654945373535, 31861387) (0.3051612377166748, 31854889) (0.30184340476989746, 32062802) 
(0.30318331718444824, 31943060) (0.30547571182250977, 31873757) (0.3029193878173828, 32047418) (0.30789661407470703, 33234016) (0.30301976203918457, 31995389) 
(0.3081026077270508, 31759448) (0.3045499324798584, 32108285) (0.30652880668640137, 33343074) (0.3105499744415283, 37922034) (0.30904436111450195, 32329223) 
(0.3119678497314453, 32472847) (0.31020402908325195, 31591062) (0.31197381019592285, 31903044) (0.31030917167663574, 35545341) (0.3085823059082031, 32136634) 
(0.31476664543151855, 31462509) (0.3330512046813965, 153143171) (0.3260519504547119, 64372783) (0.3132617473602295, 31643638) (0.3161618709564209, 32008789) 
(0.32286930084228516, 34307463) (0.32600951194763184, 31887420) (0.3209829330444336, 32970315) (0.32266736030578613, 32576059) (0.32546567916870117, 32681051) 
(0.33468198776245117, 32021748) (0.33916425704956055, 31713028) (0.3396646976470947, 33420326) (0.3352172374725342, 32105724) (0.3343486785888672, 31752802) 
(0.35674571990966797, 31528172) (0.35654592514038086, 32542941) (0.35979533195495605, 31625911) (0.3593595027923584, 31588108) (0.3607616424560547, 31454822) 
(0.3946366310119629, 31481123) (0.39235782623291016, 31513534) (0.39656543731689453, 33845189) (0.3939995765686035, 33637732) (0.39647507667541504, 33267299) 
(0.44915294647216797, 31635477) (0.4569089412689209, 31658615) (0.4588313102722168, 31491277) (0.4553239345550537, 30783755) (0.4635646343231201, 33693145) 
(0.5474092960357666, 44891400) (0.5449228286743164, 44673247) (0.5666007995605469, 196078337) (0.5488681793212891, 44784515) (0.5441718101501465, 48227374) 
(0.6982402801513672, 46773621) (0.6987600326538086, 80405484) (0.6988968849182129, 45220970) (0.7000720500946045, 45028089) (0.7014355659484863, 47433080) 
(0.9445762634277344, 46059745) (0.9416522979736328, 47213798) (0.9417383670806885, 47285569) (0.9470353126525879, 46328901) (0.9402027130126953, 45217497) 
(1.342024803161621, 45226838) (1.3566453456878662, 195253991) (1.3446733951568604, 54770963) (1.3460865020751953, 45785235) (1.3417689800262451, 46931378) 
(1.990861177444458, 48733675) (1.9967997074127197, 46182484) (1.9914586544036865, 47649497) (1.9944827556610107, 48820945) (2.0175089836120605, 199371517) 
(3.0456995964050293, 52155258) (3.0395596027374268, 47079047) (3.041240692138672, 87236444) (3.055464744567871, 198758075) (3.0446746349334717, 51519104) 
